
========================================
EVALUATION SUMMARY (stopped after 420/500 runs)
Model ID:             MasterProject2026/Gal-merged-tailed-auto
Success Rate:         1/420 (0.24%)
Avg oranges in plate: 0.39/3
Mean steps (success): 1349.0
3/3 oranges:          1/420 (0.2%)
2/3 oranges:          17/420 (4.0%)
1/3 oranges:          128/420 (30.5%)
0/3 oranges:          274/420 (65.2%)
Per-episode oranges:  [1, 1, 1, 1, 1, 2, 1, 1, 1, 1, 1, 2, 0, 2, 1, 1, 2, 1, 1, 2, 1, 3, 1, 1, 1, 1, 1, 2, 2, 0, 1, 0, 2, 1, 0, 1, 1, 1, 1, 1, 1, 1, 1, 0, 1, 1, 1, 1, 1, 0, 1, 2, 1, 1, 1, 2, 0, 0, 0, 0, 0, 1, 0, 0, 1, 1, 1, 0, 1, 0, 1, 2, 0, 1, 0, 0, 0, 1, 2, 0, 1, 0, 0, 0, 1, 1, 1, 0, 0, 0, 0, 0, 1, 0, 0, 0, 1, 1, 1, 0, 1, 0, 0, 0, 0, 0, 0, 0, 1, 0, 1, 0, 0, 0, 0, 0, 0, 0, 0, 0, 0, 0, 1, 0, 0, 0, 0, 0, 1, 0, 1, 0, 1, 0, 1, 0, 1, 0, 0, 1, 0, 0, 0, 1, 0, 2, 0, 0, 1, 0, 0, 0, 1, 1, 0, 0, 0, 0, 1, 0, 0, 0, 1, 0, 0, 0, 1, 0, 0, 0, 1, 0, 0, 1, 1, 0, 0, 1, 0, 0, 1, 0, 1, 0, 0, 0, 0, 0, 0, 0, 0, 0, 1, 1, 1, 1, 0, 0, 0, 1, 0, 0, 0, 0, 1, 1, 0, 0, 0, 0, 0, 0, 0, 1, 2, 0, 0, 0, 1, 0, 1, 0, 0, 1, 0, 0, 0, 0, 0, 0, 0, 0, 0, 0, 0, 1, 0, 0, 1, 0, 0, 0, 1, 0, 0, 0, 0, 0, 0, 0, 0, 0, 0, 0, 0, 0, 0, 0, 0, 0, 0, 0, 0, 0, 1, 0, 0, 0, 1, 0, 0, 0, 1, 0, 0, 0, 0, 1, 0, 0, 1, 0, 0, 0, 0, 0, 0, 0, 0, 0, 0, 0, 0, 0, 0, 0, 0, 0, 0, 1, 0, 0, 0, 0, 0, 1, 1, 0, 0, 1, 1, 0, 0, 1, 0, 1, 0, 1, 0, 2, 1, 0, 0, 0, 0, 1, 1, 1, 1, 1, 0, 0, 0, 0, 0, 1, 0, 2, 0, 1, 0, 0, 0, 0, 0, 0, 0, 0, 0, 1, 1, 0, 0, 0, 0, 0, 1, 0, 0, 1, 2, 1, 0, 0, 0, 0, 0, 0, 0, 0, 0, 1, 0, 0, 0, 0, 0, 0, 0, 0, 1, 0, 0, 1, 1, 0, 0, 1, 1, 0, 0, 0, 0, 0, 0, 0, 0, 1, 0, 0, 0, 1, 0, 0, 0, 0, 0, 0, 0, 1, 0, 0, 0, 0, 0, 0, 0, 1, 0, 0]
Per-subtask success rates (by oranges in plate at subtask start):
  GRASP:  0 placed: 291/2018 ( 14.4%)   1 placed:  44/435 ( 10.1%)   2 placed:   1/28  (  3.6%)
  LIFT:   0 placed: 220/291 ( 75.6%)   1 placed:  31/44  ( 70.5%)   2 placed:   1/1   (100.0%)
  PLACE:  0 placed: 116/220 ( 52.7%)   1 placed:  20/31  ( 64.5%)   2 placed:   1/1   (100.0%)
Mechanism usage (local retry = same orange after slip; redirection = new orange after timeout):
  Local retries:      1259 total, fired in 419/420 episodes
  Target redirections:1085 total, fired in 419/420 episodes
  Oranges abandoned:  1072 total (2.55 avg/episode)
========================================
